
    :author:  KUO TZU-CHI
    :difficulty: 1.0
    :basecourse: thinkcspy
    :topic: Lists/Exercises
    :from_source: F
.. activecode:: ids17_04008

    6.13(劉邦鋒，由片語學習C程式設計)現有一個n乘n乘n的立方體。立方體的每一個小格都有一個從1到n^3不同的數字。我們將這n^3個號碼一次一個隨機抽出。如果已抽出數字形成一行、一列、一直行或一個對角線，則稱為"bingo"。注意一個對角線可從一個角到任意另一個角。請檢查一序列的數字何時出現"bingo"。

    　輸入的第一行是n，以下n^3個數字是出現在n乘n個方陣的數字。出現的順序是按行按列逐個出現。再以下n^3個數字是n^3個號碼隨機抽出的順序，每行有n個數字。輸出只有一個數字，就是在哪一個數字出現時出現第一次"bingo"。參數規範：0 < n <= 20。


    輸入：

    3

    1　18　4

    13　2　20

    24　10　26

    27　14　7

    3　25　16

    21　15　11

    6　9　17

    19　5　22

    8　23　12

    1　3　5

    7　9　11

    13　15　17

    19　21　23

    25　27　2

    4　6　8

    10　12　14

    16　18　20

    22　24　26

    輸出：

    19

    ~~~~
    
    ====
    
    